Air: 20
Con: 50-5000

for ppm = a*ratio^b:

Gas    | a       | b
Methane_1| 153.3368| -0.5747
Methane_2| 84.9734 | -0.4645
Methane_3| 58.4846 | -0.4098
CO_1   | 157.5015| -0.8608
CO_2   | 55.3954 | -0.6333
CO_3   | 23.3087 | -0.5057
Iso-Butane_1| 170.0074| -0.9805
Iso-Butane_2| 86.4443 | -0.8335
Iso-Butane_3| 17.7202 | -0.557 
Iso-Butane_4| 5.418   | -0.3853
Hydrogen_1| 20.4348 | -0.592 
Hydrogen_2| 200.1326| -0.9541
Hydrogen_3| 8.491   | -0.4808
Ethanol_1| 140.3563| -1.0053
Ethanol_2| 34.5453 | -0.7006
Ethanol_3| 32.8865 | -0.6935

for ppm = 10^[(log10(ratio)-b)/m]:

Gas    | m       | b
Methane_1| -0.5747 | 2.1856 
Methane_2| -0.4645 | 1.9293 
Methane_3| -0.4098 | 1.767  
CO_1   | -0.8608 | 2.1973 
CO_2   | -0.6333 | 1.7435 
CO_3   | -0.5057 | 1.3675 
Iso-Butane_1| -0.9805 | 2.2305 
Iso-Butane_2| -0.8335 | 1.9367 
Iso-Butane_3| -0.557  | 1.2485 
Iso-Butane_4| -0.3853 | 0.7338 
Hydrogen_1| -0.592  | 1.3104 
Hydrogen_2| -0.9541 | 2.3013 
Hydrogen_3| -0.4808 | 0.929  
Ethanol_1| -1.0053 | 2.1472 
Ethanol_2| -0.7006 | 1.5384 
Ethanol_3| -0.6935 | 1.517  

Methane
50, 16.17
100, 10.94
200, 7.25
300, 6.02
600, 4.33
1000, 3.45
3000, 2.19
5000, 1.79

[(50, 16.17), (100, 10.94), (200, 7.25), (300, 6.02), (600, 4.33), (1000, 3.45), (3000, 2.19), (5000, 1.79)]

CO
50, 5.43
100, 2.99
200, 1.98
300, 1.45
600, 0.96
1000, 0.71
3000, 0.4
5000, 0.32

[(50, 5.43), (100, 2.99), (200, 1.98), (300, 1.45), (600, 0.96), (1000, 0.71), (3000, 0.4), (5000, 0.32)]

Iso-Butane
50, 3.67
100, 1.86
200, 1.05
300, 0.74
600, 0.5
1000, 0.38
3000, 0.24
5000, 0.21

[(50, 3.67), (100, 1.86), (200, 1.05), (300, 0.74), (600, 0.5), (1000, 0.38), (3000, 0.24), (5000, 0.21)]

Hydrogen
50, 2.02
80, 1.52
534, 0.5
800, 0.34
1323, 0.27
2223, 0.21
3388, 0.17
5000, 0.14 (??)

[(50, 2.02), (80, 1.52), (534, 0.5), (800, 0.34), (1323, 0.27), (2223, 0.21), (3388, 0.17), (5000, 0.14)]

Ethanol
50, 2.75
100, 1.37
200, 0.85
300, 0.63
600, 0.39
1000, 0.27
3000, 0.13
5000, 0.09

[(50, 2.75), (100, 1.37), (200, 0.85), (300, 0.63), (600, 0.39), (1000, 0.27), (3000, 0.13), (5000, 0.09)]

Methane: (50, 16.17) (100, 10.94) (200, 7.25) | (300, 6.02) (600, 4.33) (1000, 3.45) | (3000, 2.19) (5000, 1.79) _CO: (50, 5.43) (100, 2.99) | (200, 1.98) (300, 1.45) (600, 0.96) (1000, 0.71) | (3000, 0.4) (5000, 0.32) _Iso-Butane: (50, 3.67) (100, 1.86) | (200, 1.05) (300, 0.74) | (600, 0.5) (1000, 0.38) | (3000, 0.24) (5000, 0.21) _Hydrogen: (50, 2.02) (80, 1.52) (534, 0.5) | (800, 0.34) | (1323, 0.27) (2223, 0.21) (3388, 0.17) (5000, 0.14) _Ethanol: (50, 2.75) (100, 1.37) | (200, 0.85) (300, 0.63) | (600, 0.39) (1000, 0.27) (3000, 0.13) (5000, 0.09)