Air: 14.7
Con: 300-10000

for ppm = a*ratio^b:

Gas    | a       | b
Propane| 46.6719 | -0.529 
Iso-Butane| 50.1367 | -0.5226
Methane| 67.9446 | -0.4938
Ethanol_1| 22.8873 | -0.0776
Ethanol_2| 17.476  | -0.0355
Ethanol_3| 19.6581 | -0.0525
Ethanol_4| 20.7589 | -0.0591

for ppm = 10^[(log10(ratio)-b)/m]:

Gas    | m       | b
Propane| -0.529  | 1.6691 
Iso-Butane| -0.5226 | 1.7002 
Methane| -0.4938 | 1.8322 
Ethanol_1| -0.0776 | 1.3596 
Ethanol_2| -0.0355 | 1.2424 
Ethanol_3| -0.0525 | 1.2935 
Ethanol_4| -0.0591 | 1.3172 

Propane
300, 2.28
600, 1.59
1000, 1.21
4000, 0.58
10000, 0.35

[(300, 2.28), (600, 1.59), (1000, 1.21), (4000, 0.58), (10000, 0.35)]

Iso-Butane
300, 2.54
600, 1.77
1000, 1.37
4000, 0.65
10000, 0.4

[(300, 2.54), (600, 1.77), (1000, 1.37), (4000, 0.65), (10000, 0.4)]

Methane
300, 4.07
600, 2.88
1000, 2.24
4000, 1.13
10000, 0.73

[(300, 4.07), (600, 2.88), (1000, 2.24), (4000, 1.13), (10000, 0.73)]

Ethanol
300, 14.7
600, 13.93
1000, 13.68
4000, 12.72
10000, 12.05

[(300, 14.7), (600, 13.93), (1000, 13.68), (4000, 12.72), (10000, 12.05)]


Propane: (300, 2.28) (600, 1.59) (1000, 1.21) (4000, 0.58) (10000, 0.35) _Iso-Butane: (300, 2.54) (600, 1.77) (1000, 1.37) (4000, 0.65) (10000, 0.4) _Methane: (300, 4.07) (600, 2.88) (1000, 2.24) (4000, 1.13) (10000, 0.73) _Ethanol: (300, 14.7) (600, 13.93) | (1000, 13.68) | (4000, 12.72) | (10000, 12.05)
